 -0.008931
 -0.005274
 -0.003633
 -0.005995
 -0.009042
 -0.002630
 -0.002211
 -0.004167
 -0.012898
 -0.017537
 -0.023887
 -0.001248
 -0.016318
 -0.026794
 -0.084041
 -0.302755
 -0.028713
 -0.002680
 -0.009998
 -0.003758
 -0.037796
 -0.103511
 -0.000183
 -0.014021
 -0.022974
 -0.014103
 -0.018357
 -0.012236
 -0.065798
 -0.000551
 -0.011693
 -0.005696
 -0.012057
 -0.004467
 -0.010001
 -0.020147
 -0.003166
 -0.021579
 -0.008512
 -0.008269
 -0.233347
 -0.074742
 -0.009452
 -0.006520
 -0.000262
 -0.004209
 -0.027468
 -0.001385
 -0.194380
 -0.002330
 -0.001686
 -0.004436
 -0.012465
 -0.004298
 -0.004422
 -0.065660
 -0.014773
 -0.023211
 -0.014411
 -0.139714
 -0.667347
 -0.016127
 -0.004468
 -0.022107
 -0.001782
 -0.020883
 -0.026253
 -0.004619
 -0.022756
 -0.010454
 -0.022241
 -0.033783
 -0.066023
 -0.027486
 -0.116630
 -0.053410
 -0.005846
 -0.003648
 -0.060056
 -0.017275
 -0.077574
 -0.005692
 -0.038881
 -0.069407
 -0.011398
 -0.011879
 -0.014386
 -0.001031
 -0.020579
 -0.052394
 -0.034020
 -0.008119
 -0.012543
 -0.007663
 -0.004944
 -0.003541
 -0.006683
 -0.378700
 -0.006627
 -0.010518
 -0.010327
 -0.103664
 -0.045767
 -0.018451
 -0.015067
 -0.011817
 -0.006066
 -0.027845
 -0.021840
 -0.020771
 -0.088117
 -0.001576
 -0.017182
 -0.008750
 -0.000953
 -0.102056
 -0.007420
 -0.005989
 -0.004023
 -0.010614
 -0.011707
 -0.071733
 -0.014503
 -0.018678
 -0.005286
 -0.191993
 -0.002147
 -0.002177
 -0.008210
 -0.025681
 -0.005714
 -0.009238
 -0.012085
 -0.021035
 -0.001846
 -0.003342
 -0.012694
 -0.006240
 -0.007070
 -0.001952
 -0.002123
 -0.002396
 -0.003619
 -0.019189
 -0.009426
 -0.004307
 -0.021094
 -0.005246
 -0.007856
 -0.005529
 -0.005215
 -0.013119
 -0.002822
 -0.021006
 -0.008394
 -0.016349
 -0.007887
 -0.023989
 -0.004916
 -0.019417
 -0.004587
 -0.008494
 -0.010169
 -0.048554
 -0.017524
 -0.036696
 -0.007049
 -0.032422
 -0.040998
 -0.010249
 -0.566036
 -0.078000
 -0.003532
 -0.005916
 -0.019254
 -0.038467
 -0.004973
 -0.012351
 -0.026266
 -0.000337
 -0.005870
 -0.008997
 -0.003145
 -0.004353
 -0.028188
 -0.010077
 -0.013801
 -0.017204
 -0.015424
 -0.041175
 -0.023154
 -0.008352
 -0.016532
 -0.107379
 -0.039029
 -0.008083
 -0.523569
 -0.003011
 -0.181073
 -0.001636
 -0.022524
 -0.007064
 -0.109031
 -0.005732
 -0.001519
 -0.034046
 -0.011109
 -0.005768
 -0.009130
 -0.038442
 -0.007254
 -0.002148
 -0.006540
 -0.002937
 -0.202407
 -0.004633
 -0.002258
 -0.028475
 -0.012364
 -0.005874
 -0.025284
 -0.017222
 -0.004004
 -0.009512
 -0.046504
 -0.096443
 -0.088962
 -0.114579
 -0.024522
 -0.022076
 -0.028553
 -0.029704
 -0.523880
 -0.001252
 -0.136680
 -0.013479
 -0.029552
 -0.039473
 -0.004362
 -0.172147
 -0.010076
 -0.016033
 -0.057701
 -0.022201
 -0.048772
 -0.007182
 -0.022772
 -0.076291
 -0.031024
 -0.052415
 -0.022678
 -0.059970
 -0.017513
 -0.014713
 -0.009082
 -0.037454
 -0.098281
 -0.032909
 -0.003149
 -0.088574
 -0.032597
 -0.119078
 -0.088363
 -0.161335
 -0.011417
 -0.005826
 -1.665888
 -0.024095
 -0.032551
 -0.030901
 -0.032394
 -0.031976
 -0.012357
 -0.027695
 -3.990481
 -0.004114
 -0.000510
 -0.003569
 -0.002550
 -0.016647
 -0.052584
 -0.010329
 -0.019065
 -0.001354
 -0.004482
 -0.028195
 -0.002913
 -0.002910
 -0.001777
 -0.001592
 -0.023939
 -0.269949
 -0.015394
 -0.019943
 -0.008430
 -0.004083
 -0.111765
 -0.009577
 -0.014130
 -0.115428
 -0.000845
 -0.004310
 -0.046564
 -0.012465
 -0.008555
 -0.016915
 -0.084226
 -0.010767
 -0.001682
 -0.011402
 -0.009623
 -0.037910
 -0.015735
 -0.000629
 -0.014622
 -0.014073
 -0.006861
 -0.024535
 -0.002657
 -0.009361
 -0.003847
 -0.002010
 -0.002757
 -0.010834
 -0.007298
 -0.002173
 -0.025674
 -0.006611
 -0.004652
 -0.007029
 -0.021272
 -0.148836
 -0.000547
 -0.020679
 -0.165258
 -0.051415
 -0.002687
 -0.011506
 -0.020018
 -1.381826
 -0.007710
 -0.002637
 -0.006999
 -0.009155
 -0.016226
 -0.012626
 -0.001127
 -0.869189
 -0.012054
 -0.071336
 -0.013958
 -0.009344
 -0.001277
 -0.016182
 -0.018867
 -0.002923
 -2.055899
 -0.017445
 -0.001318
 -0.037560
 -0.035093
 -0.003129
 -0.013514
 -0.041012
 -0.027017
 -0.001383
 -0.010160
 -0.000382
 -0.317097
 -0.290841
 -0.000627
 -0.009012
 -0.016264
 -0.070230
 -0.000436
 -0.004091
 -0.003436
 -0.004619
 -0.036045
 -0.001275
 -0.006963
 -0.002507
 -0.002686
 -0.011684
 -0.027611
 -0.117352
 -0.042770
 -0.012487
 -0.011660
 -0.040453
 -0.000274
 -0.003974
 -0.018061
 -0.038646
 -0.013635
 -0.131267
 -0.010403
 -0.007754
 -0.001359
 -0.004946
 -0.002200
 -0.019795
 -0.009408
 -0.006863
 -0.028582
 -0.059660
 -0.079657
 -0.000623
 -0.021196
 -0.016389
 -0.139918
 -0.018774
 -0.001496
 -0.036543
 -0.004132
 -0.001203
 -0.025782
 -0.003338
 -0.011179
 -0.000590
 -0.000648
 -0.008053
 -0.006284
 -0.005834
 -0.008094
 -0.000749
 -0.355313
 -0.023768
 -0.019034
 -0.019392
 -0.008313
 -0.056302
 -0.004925
 -0.065555
 -0.001039
 -0.004587
 -0.024064
 -0.013740
 -0.026359
 -0.011242
 -0.002578
 -0.007523
 -0.145836
 -0.007506
 -0.274447
 -0.004988
 -0.008613
 -0.002457
 -0.000387
 -0.012866
 -3.028777
 -0.007847
 -0.045299
 -0.003757
 -0.007978
 -0.002768
 -0.012388
 -0.007108
 -0.006742
 -0.003377
 -0.168782
 -0.007510
 -0.003796
 -0.015850
 -0.000490
 -0.008596
 -0.000473
 -0.022249
 -0.011364
 -0.004592
 -0.006613
 -0.002011
 -0.085699
 -0.002680
 -0.010198
 -0.141069
 -0.006500
 -0.043494
 -0.005987
 -2.989316
 -0.001009
 -0.004776
 -0.000580
 -0.011635
 -0.001637
 -0.012208
 -0.005101
 -0.086976
 -0.003356
 -0.013779
 -0.001058
 -0.029981
 -0.005512
 -0.036050
 -0.003252
 -0.002978
 -0.008638
 -0.003928
 -0.004417
 -0.005118
 -0.009354
 -0.013422
 -0.001068
 -0.002227
 -0.006336
 -0.006430
 -0.004316
 -0.002094
 -0.018764
 -0.024054
 -0.010872
 -0.011063
 -0.005606
 -0.026994
 -0.006875
 -0.013918
 -0.002495
 -0.008196
 -0.005361
 -0.012638
 -0.011217
 -0.135157
 -0.033409
 -0.003307
 -0.041480
 -0.004569
 -0.004827
 -0.270032
 -0.006965
 -0.008342
 -0.007811
 -0.038912
 -0.398853
 -0.037343
 -0.019272
 -0.010227
 -0.012253
 -0.013498
 -0.286030
 -0.087856
 -0.002254
 -0.126245
 -0.008731
 -0.019326
 -0.000844
 -0.045862
 -0.008720
 -0.007385
 -0.053272
 -0.056892
 -0.007133
 -0.005259
 -0.002261
 -0.020500
 -0.015557
 -0.021048
 -0.002345
 -0.014523
 -0.020418
 -0.014210
 -40.499893
 -0.034161
 -0.026135
 -0.019687
 -0.076594
 -0.010056
 -0.014158
 -0.010277
 -0.005728
 -0.095226
 -0.002698
 -0.018995
 -0.071691
 -0.307159
 -0.081923
 -0.023363
 -0.013856
 -0.012163
 -0.002652
 -0.003211
 -0.010459
 -1.033292
 -0.096133
 -0.008077
 -0.016946
 -0.004618
 -0.003306
 -0.001616
 -0.017173
 -0.028585
 -0.011186
 -0.000729
 -0.002795
 -0.007804
 -0.033733
 -0.003089
 -0.018061
 -0.002157
 -0.000617
 -0.007461
 -0.002119
 -0.007574
 -0.179903
 -0.018270
 -0.004402
 -0.022530
 -0.004756
 -0.117909
 -0.029318
 -0.012225
 -0.007679
 -0.085476
 -0.034082
 -1.759991
 -0.015976
 -0.012911
 -0.020012
 -0.047029
 -0.012624
 -0.003845
 -0.003430
 -0.061949
 -0.019054
 -0.127284
 -0.020944
 -0.003463
 -0.033276
 -0.021963
 -0.010258
 -0.099318
 -0.000696
 -0.012282
 -0.013175
 -0.008461
 -0.449257
 -0.007330
 -0.028101
 -0.012807
 -0.006561
 -0.001780
 -0.074391
 -0.002307
 -0.003690
 -0.035086
 -0.037746
 -0.019267
 -0.009773
 -0.132449
 -0.252816
 -0.046396
 -0.005042
 -0.089329
 -0.002983
 -0.905369
 -0.181452
 -0.012128
 -0.016066
 -0.001772
 -0.022347
 -0.124711
 -0.002731
 -0.014849
 -0.016761
 -0.002411
 -0.006736
 -0.000808
 -0.004389
 -0.003999
 -0.004876
 -0.015700
 -0.000139
 -0.019458
 -0.030717
 -0.051641
 -0.016556
 -0.048997
 -0.034798
 -0.211835
 -0.519952
 -0.027355
 -0.103035
 -0.092918
 -0.042302
 -0.805540
 -0.036943
 -0.020518
 -0.007239
 -0.069903
 -0.021695
 -0.001205
 -0.009172
 -0.104625
 -0.012184
 -0.070568
 -0.004279
 -0.129957
 -0.003589
 -0.009798
 -0.010279
 -0.013636
 -0.028734
 -0.029354
 -0.003410
 -0.006874
 -0.015419
 -0.018816
 -0.012755
 -0.006607
 -0.212491
 -0.015825
 -0.006044
 -0.064728
 -0.022751
 -0.037168
 -0.035739
 -0.009565
 -0.029122
 -0.031186
 -0.022235
 -0.272837
 -0.012273
 -0.014944
 -0.087167
 -0.015144
 -0.004457
 -0.003949
 -0.040153
 -0.032716
 -0.013584
 -0.011974
 -0.019139
 -0.045230
 -0.005621
 -0.005191
 -0.038422
 -0.017395
 -0.037898
 -0.041540
 -0.015387
 -0.024831
 -0.012093
 -0.103309
 -0.003866
 -0.009925
 -0.011917
 -0.019135
 -0.051549
 -0.014332
 -0.007340
 -0.037137
 -0.026992
 -0.004089
 -0.003365
 -0.000801
 -0.070611
 -0.019005
 -0.006578
 -0.022115
 -0.005087
 -0.002846
 -0.061891
 -0.014800
 -0.033726
 -0.010983
 -0.019527
 -0.028675
 -0.014984
 -0.036516
 -0.004037
 -0.006171
 -0.002407
 -0.010072
 -0.010499
 -0.017181
 -0.000327
 -0.002018
 -0.007465
 -0.003333
 -0.126996
 -0.014738
 -0.008223
 -0.021016
 -0.028924
 -0.002331
 -0.001284
 -0.003863
 -0.002247
 -0.017667
 -0.005147
 -0.002896
 -0.007267
 -0.002635
 -0.001708
 -0.138503
 -0.005052
 -0.023942
 -0.020622
 -0.018777
 -0.001245
 -0.001461
 -0.018277
 -0.034477
 -0.005768
 -0.000563
 -0.008060
 -0.011853
 -0.012907
 -0.032486
 -0.019923
 -0.032508
 -0.003738
 -0.011122
 -0.033755
 -0.004020
 -0.053867
 -0.017254
 -0.004162
 -0.003718
 -0.009946
 -0.002645
 -0.348116
 -0.013040
 -0.007497
 -0.000689
 -0.007164
 -0.005021
 -0.020938
 -0.056636
 -0.008729
 -0.000409
 -0.022756
 -0.001664
 -0.018716
 -0.002869
 -0.009837
 -0.008586
 -0.081189
 -0.176757
 -0.005346
 -0.028863
 -0.007279
 -0.001669
 -0.013235
 -0.002605
 -0.067750
 -0.004975
 -0.005685
 -0.004532
 -0.026974
 -0.004857
 -0.012139
 -0.015247
 -0.004614
 -1.031035
 -0.067639
 -0.014736
 -0.011983
 -0.231008
 -0.032989
 -0.063017
 -0.010134
 -0.032446
 -0.006669
 -0.074309
 -0.083089
 -0.019873
 -0.011576
 -0.049544
 -0.014740
 -0.002954
 -0.233374
 -0.022863
 -0.004835
 -0.001603
 -0.018820
 -0.072143
 -0.011196
 -0.006142
 -0.040859
 -0.000085
 -0.013123
 -0.021822
 -0.012616
 -0.013024
 -0.013047
 -0.008361
 -0.016988
 -0.002550
 -0.000961
 -0.765666
 -0.014221
 -0.030186
 -0.059781
 -0.016148
 -0.006322
 -0.000079
 -0.002043
 -0.002683
 -0.000471
 -0.007860
 -0.003831
 -0.005459
 -0.000924
 -0.018404
 -0.055788
 -0.010315
 -0.006244
 -0.002068
 -0.019651
 -0.014689
 -0.001966
 -0.028131
 -0.006666
 -0.008102
 -0.005336
 -0.005882
 -0.002671
 -0.002290
 -0.001979
 -0.005018
 -0.004581
 -0.007976
 -1.424113
 -0.019188
 -0.002538
 -0.000925
 -0.000606
 -0.003692
 -0.008823
 -0.061494
 -0.101585
 -0.025365
 -0.035956
 -0.112071
 -0.020039
 -0.238667
 -0.008400
 -0.041633
 -0.022898
 -0.071161
 -0.013184
 -0.011886
 -0.001955
 -0.132402
 -0.132477
 -0.001564
 -0.015688
 -0.004770
 -0.001774
 -0.000158
 -0.000673
 -0.000662
 -0.001528
 -0.091448
 -0.000902
 -0.002300
 -0.002461
 -0.001045
 -0.003284
 -0.000155
 -4.636364
 -0.000646
 -0.002847
 -0.022381
 -0.004571
 -0.075307
 -0.011290
 -0.010449
 -0.012710
 -0.009124
 -0.008046
 -0.007243
 -0.015369
 -0.003176
 -0.007167
 -0.003585
 -0.002961
 -0.042988
 -0.006646
 -0.006578
 -0.008885
 -0.005582
 -0.001829
 -0.002826
 -0.001801
 -0.025590
 -2.542557
 -0.004385
 -0.008363
 -0.046536
 -0.004219
 -0.002649
 0.000000
 -0.006447
 -0.009500
 -0.031713
 0.000000
 -0.056275
 -0.001083
 -0.228188
