 8.416637
 2.368449
 -12.529225
 1.495717
 0.733445
 -2.526896
 -6.788564
 -2.051391
 11.987500
 2.851055
 -1.875678
 -4.975655
 -7.615860
 -2.914654
 5.522941
 -4.185028
 -10.289067
 5.425678
 -8.051270
 3.898870
 -2.693964
 -5.021049
 9.699213
 -1.515573
 -0.177800
 1.756897
 -1.970474
 -7.574131
 -2.442017
 9.949380
 0.396825
 12.909200
 7.527024
 12.686380
 12.594046
 -4.708520
 2.412893
 -3.105771
 13.078484
 -11.562143
 -2.634192
 -11.838734
 -2.663294
 11.287355
 6.889526
 -2.469877
 -8.188251
 6.370438
 -7.467387
 7.017159
 11.542928
 7.519436
 2.123327
 1.303782
 1.290377
 -12.846118
 -4.435267
 -12.206963
 -1.396189
 -10.945933
 -10.531088
 -4.821842
 2.037538
 -1.006544
 8.660639
 -6.996270
 2.659162
 2.777975
 -7.159854
 -0.425243
 -0.417672
 -0.765378
 -0.986661
 -9.901940
 -2.570151
 3.168094
 2.145170
 12.406190
 -2.015528
 -6.915965
 -1.991698
 1.347821
 0.136840
 -3.444799
 1.195148
 0.462377
 2.701272
 10.566788
 -6.633081
 -0.809878
 -7.491766
 2.991932
 -11.085645
 3.078629
 0.875583
 3.025316
 0.393903
 -11.769466
 -2.756294
 -2.674168
 5.824114
 -2.689004
 -12.199257
 -1.963489
 -0.046133
 -12.654754
 0.665633
 -11.546076
 -10.907157
 1.099686
 0.936385
 8.083598
 -9.542233
 -2.112670
 10.337658
 -4.698236
 0.387527
 -0.782112
 9.197378
 -3.906794
 5.586771
 -10.865229
 -2.116401
 -2.559921
 0.754558
 -10.481907
 11.547786
 9.886939
 1.506799
 -0.346889
 -3.920105
 11.475270
 10.473433
 7.210170
 -4.737797
 0.047203
 -1.416461
 -0.919418
 -1.827473
 -8.857327
 -7.602675
 -12.646556
 -10.730487
 10.799609
 10.158633
 -3.032418
 -7.804326
 -2.406062
 9.963779
 -3.224814
 4.674937
 4.780202
 -1.603477
 11.529632
 9.797847
 11.500667
 -1.357211
 11.876465
 -0.454862
 2.050865
 11.108256
 5.979740
 3.890394
 -0.212014
 3.100931
 -9.003889
 6.694840
 -7.576261
 1.914117
 3.092706
 0.201003
 -0.834335
 11.640064
 8.945168
 -0.138650
 -2.214886
 10.991618
 1.384878
 -9.601503
 6.638853
 -2.612483
 -2.841436
 12.466609
 0.172107
 12.958137
 -11.274632
 1.525797
 -2.839692
 -4.590301
 0.102863
 10.960952
 -2.879293
 -6.885019
 -8.942846
 6.372397
 -1.003620
 -9.175900
 12.048654
 -12.262453
 11.980869
 -7.285768
 1.539453
 -11.129045
 -1.060144
 12.252798
 -4.613408
 -11.487968
 -0.968302
 2.367299
 1.213871
 -2.095032
 -9.766508
 -1.777647
 -12.996075
 11.209659
 -0.592432
 -6.330579
 -0.452390
 6.111426
 -12.909218
 3.618147
 4.851115
 -0.194649
 -10.556646
 1.393629
 -10.949307
 -1.714603
 8.802437
 -2.400036
 -1.506676
 -10.114947
 -8.267147
 3.009723
 12.550189
 1.523853
 4.841953
 -6.523877
 -9.493054
 10.695678
 -0.108097
 11.389438
 1.460190
 -1.182406
 2.087707
 -10.371189
 12.108116
 -8.798164
 0.063167
 4.629510
 -11.447794
 -7.186235
 -0.825464
 10.089928
 -0.027659
 6.649859
 -4.558845
 -4.613732
 -2.032382
 11.131085
 -7.149271
 -10.162191
 -1.623271
 -12.600137
 -0.166559
 8.195774
 12.250594
 0.997338
 1.759252
 -7.235272
 -10.847683
 -0.457513
 -11.649905
 -0.125696
 -12.961896
 2.375015
 -11.041201
 -7.578415
 -10.171298
 -13.036491
 -0.278646
 5.872548
 -8.156583
 -4.831371
 -7.362488
 -11.860783
 -2.630908
 -1.396003
 -1.931848
 -6.203726
 -10.512483
 1.222150
 11.353006
 6.057473
 -12.972810
 4.237156
 -5.767261
 11.265313
 -0.963895
 12.921337
 10.676328
 -8.421597
 -1.584507
 3.835506
 4.046686
 -4.793580
 -4.307533
 -12.634675
 -9.553955
 9.220763
 -10.371902
 -4.448210
 12.500587
 2.703067
 10.165045
 -0.948818
 5.544256
 12.900434
 3.154151
 8.568200
 -7.451355
 -0.641747
 -11.616864
 -4.109437
 -2.990015
 0.149727
 -12.164255
 -4.574109
 -2.377016
 3.150836
 0.156761
 11.646139
 5.505536
 -8.296194
 1.506912
 5.632579
 8.225991
 -3.725293
 6.160787
 7.160336
 -3.039939
 1.328638
 -2.172343
 -8.025613
 10.990855
 6.840482
 1.858079
 -7.409810
 7.858067
 1.104837
 -2.864033
 -12.257199
 9.715185
 -8.631610
 5.214636
 -2.725563
 -1.389376
 5.378676
 0.258795
 -10.202759
 -0.266766
 10.191465
 -8.577364
 -3.927540
 4.303186
 8.699411
 -6.626668
 2.850736
 -7.575385
 6.736922
 11.536049
 -6.436099
 0.855583
 3.131340
 6.017713
 -7.501432
 1.323743
 -1.542363
 -3.967768
 12.885904
 -6.900100
 6.164020
 -3.265544
 -3.397458
 -2.470211
 -2.408035
 -1.273288
 -9.679071
 -12.580999
 1.090866
 -10.841834
 9.839443
 12.280250
 -10.423113
 -2.830212
 2.594776
 -7.891321
 -3.188842
 6.248971
 6.991326
 9.905982
 11.614365
 -0.722145
 0.692449
 0.812440
 -10.201691
 -9.917152
 5.822418
 10.503551
 1.801423
 0.125433
 -3.180602
 -6.294525
 11.176094
 -1.237060
 12.592041
 11.425182
 11.888429
 -11.323508
 3.172042
 -7.881892
 -6.605770
 3.838503
 5.911684
 1.243587
 6.598915
 -8.246567
 2.663483
 -1.718536
 1.812548
 0.002713
 -1.591080
 6.780682
 1.728337
 2.916811
 -6.517193
 1.438121
 9.372405
 -1.945417
 -0.427071
 9.605393
 -4.506486
 -0.930224
 7.671526
 -12.962000
 -12.487338
 -0.439530
 0.282000
 -1.992966
 -7.385952
 4.743827
 12.477345
 -0.192952
 4.264564
 -4.466278
 9.279506
 -2.403382
 11.092973
 8.584311
 8.527335
 -11.878178
 10.896072
 0.316246
 -1.015062
 9.748499
 9.760237
 3.600436
 9.661385
 -4.521877
 -11.864387
 1.529698
 3.284322
 6.805429
 -0.592868
 12.932430
 -0.501141
 -8.658213
 2.207794
 1.884145
 -0.270225
 -3.951033
 -6.605253
 3.766155
 -7.533549
 12.946591
 -9.227261
 3.896494
 3.496458
 2.558279
 -8.750648
 2.964256
 -9.673012
 -2.056149
 -2.342335
 -7.455454
 -1.276940
 -1.033703
 -8.365304
 10.416446
 -2.605148
 -0.414724
 0.461169
 -1.327278
 7.190362
 11.470232
 -0.233767
 -8.207718
 9.901737
 10.885789
 10.130305
 -6.827117
 -3.211303
 -1.546949
 -4.557383
 1.030889
 2.427373
 9.958563
 -2.389805
 11.825602
 -2.882391
 11.828844
 -0.865116
 2.942505
 10.463351
 -2.564316
 11.887379
 -2.699640
 -11.875610
 10.751114
 -2.547693
 1.118118
 3.447192
 -4.895039
 3.157185
 2.144268
 -4.630505
 -10.151025
 -0.925645
 2.525904
 -0.042188
 0.627247
 6.793941
 -7.421042
 -2.051287
 -12.495751
 -8.728470
 11.515627
 -1.609982
 -2.398244
 8.395716
 7.878354
 -2.737375
 -2.936158
 -2.623833
 8.666047
 3.031481
 10.724063
 -10.356743
 2.327516
 6.249183
 5.306583
 -12.123935
 2.697881
 -3.578779
 -4.826116
 -9.264438
 5.953372
 7.310830
 2.689008
 0.795556
 -0.337061
 11.774463
 5.970445
 -11.306457
 -8.318242
 -12.426617
 -0.415779
 -2.620609
 -8.085019
 12.513635
 5.920823
 -2.454725
 -7.147387
 2.643534
 -6.687378
 12.047763
 -1.518826
 7.484599
 4.910270
 -2.466125
 2.741141
 -1.937054
 5.917591
 -1.079243
 10.751369
 -0.975111
 -1.156146
 10.743337
 -11.054737
 -7.971195
 -0.585766
 -10.398540
 -2.157643
 7.476826
 2.652423
 -10.416604
 -2.465685
 2.845924
 -9.303427
 -8.191037
 5.256768
 6.831426
 -11.906264
 -7.200939
 -3.615998
 -0.061846
 3.266062
 0.179621
 -9.312007
 3.468581
 10.529535
 11.191611
 -2.078667
 -0.560883
 -8.724663
 -4.660686
 3.683677
 -0.164592
 -4.485620
 -1.086178
 -6.901567
 8.784011
 -7.187424
 1.722138
 5.808801
 -7.988988
 3.264691
 -0.590832
 2.096023
 -0.272664
 12.244672
 -9.918046
 13.029469
 11.102883
 1.195798
 -1.836521
 -0.152508
 7.508054
 2.775651
 -1.725821
 0.038999
 8.967715
 -4.022882
 10.692261
 -8.936491
 2.740211
 6.929522
 -1.388291
 -10.032561
 -2.330443
 12.047725
 -12.335587
 12.534744
 6.691152
 -2.562313
 1.119011
 -6.430318
 -6.515922
 0.209553
 -9.749949
 3.606632
 -7.602314
 -7.852968
 -8.123224
 -0.285549
 -3.357464
 0.641646
 -10.728187
 10.321741
 -0.241483
 -1.643507
 -0.769031
 -11.330665
 -7.649109
 -4.068638
 1.554191
 0.139343
 7.821247
 2.381189
 -2.848413
 10.544750
 -5.199065
 -1.814541
 0.520439
 2.323656
 3.218836
 -8.368462
 5.867579
 7.017139
 -0.658951
 -3.658569
 -2.887149
 -2.691318
 6.202640
 -0.344790
 -1.742363
 7.464744
 8.753042
 -0.835820
 2.402984
 7.619576
 1.536895
 -3.415992
 -5.755428
 1.519268
 -12.104338
 -1.831588
 5.045097
 -2.346416
 -1.413546
 -0.650140
 -9.806936
 -4.926544
 -1.645037
 0.912330
 7.528111
 1.736792
 -7.823164
 -0.034250
 -13.076194
 -11.177487
 -8.712549
 -2.160253
 -1.820967
 -2.857440
 -0.236813
 -1.996677
 -9.428905
 -7.635650
 1.395744
 3.990437
 2.302670
 -1.324907
 2.756274
 -8.818619
 2.385593
 -0.278412
 -12.054569
 -6.618757
 4.199157
 -3.442100
 0.988606
 6.497861
 -2.135767
 -8.429145
 -2.557632
 -0.828007
 -3.747933
 13.141406
 -1.116482
 -1.233000
 0.763685
 3.273960
 10.433696
 1.838957
 3.392480
 10.471571
 2.845279
 10.305256
 -1.203450
 -9.070674
 -8.351295
 -2.839385
 7.561262
 1.662497
 -7.171386
 -4.589303
 -0.036878
 -4.872458
 9.558334
 7.763871
 4.592390
 7.033852
 12.121408
 -2.149064
 7.106807
 1.099172
 5.425754
 9.551155
 2.696443
 10.421135
 -2.816011
 12.425525
 2.821997
 -9.295418
 -2.812691
 -11.257160
 -9.302725
 -6.764051
 6.929503
 8.805568
 8.541920
 -9.677303
 -1.374650
 8.519587
 -2.313362
 -0.537043
 -0.408730
 0.897066
 -4.538702
 -10.485366
 7.954518
 -0.596968
 0.563652
 12.861797
 -8.830840
 -1.364134
 -2.005456
 10.286258
 5.501295
 0.746210
 -7.301628
 -4.979002
 10.053427
 7.436611
 -2.762378
 3.804910
 -4.582180
 -2.639986
 -7.916063
 6.681152
 -7.753825
 10.209113
 -5.073736
 2.677819
 -1.784527
 -3.110134
 2.093220
 -1.577716
 0.227740
 1.768076
 2.089490
 5.381114
 -9.340958
 11.732066
 -3.064979
 -3.234762
 0.073199
 -3.800812
 2.503904
 9.706818
 2.934919
 6.013463
 10.252374
 2.409600
 2.051351
 0.687427
 2.466358
 -4.522959
 4.550961
 0.807497
 5.656274
 -0.546135
 11.031159
 -0.385522
 -11.770477
 -7.531957
 -10.417328
 -9.213261
 -6.521703
 0.658089
 12.368668
 -9.016820
 4.578677
 9.818439
 -10.932547
 -13.073423
 -10.914838
 -3.649213
 5.463490
 6.639213
 2.771584
 7.864328
 11.822820
 10.994592
 2.111326
 -5.062688
 5.717438
 -10.646827
 -8.046741
 8.643880
 4.855870
 2.873779
 -0.901183
 0.915827
 -0.067271
 -7.514490
 7.348552
 6.469938
 9.921696
 10.024767
 5.982966
 3.149464
 10.530282
 -6.247107
 -4.849869
 12.682853
 -0.158764
 7.930579
 -7.750032
 -9.626540
 6.053098
 -4.206252
 -11.655680
 9.750361
 -12.568488
 -1.641662
 -12.547826
 -2.663858
 -2.964198
 -1.804651
 1.469651
 5.145731
 -4.469165
 2.914939
 -9.951166
 -8.212777
 -8.433348
 -10.386741
 -0.916531
 -0.775079
 4.461188
 3.718432
 0.538261
 4.145612
 0.160430
 9.395781
 -2.287684
 8.815593
 8.098516
 6.972296
 -2.062612
 -0.351882
 -10.898289
 2.216518
 11.587655
 -0.629174
 9.234069
 12.569555
 2.305829
 -10.820958
 -7.662738
 -12.181514
 -1.981052
 7.857977
 -5.656172
 -0.754007
 8.587634
 -7.698427
 -2.788163
 -10.739348
 -1.030887
 1.237415
 -1.889718
 10.295889
 -1.773773
 4.219519
 10.830681
 9.831341
 -8.557802
 -9.298997
 6.533609
 -4.279925
 -11.920968
 -2.225618
 5.564732
 1.899306
 -10.181292
 9.969990
 -12.257343
 -2.394663
 -5.511415
 -7.424736
 -11.619652
 -1.940982
 -7.032876
 11.213821
 12.407408
 -10.138729
 2.630450
 1.991956
 -3.569125
 -4.195967
 7.076950
 13.036361
 -11.208761
 6.654923
 -0.982014
 -7.624403
 0.539719
 9.438230
